3.74709237851533 3.9149599380167
5.36728664844416 7.41573561196634
3.32874277517991 7.3208052313899
8.19056160427558 6.40042729903
5.65901554363072 8.17366690908169
3.35906323176397 6.11697285113061
5.97485810485697 2.44681558308393
6.47664941025843 3.85346917152623
6.15156270330698 2.55077477020329
4.38922322568729 4.05319872712138
8.0235623369017 3.75926664555175
5.77968647282286 5.08423174628847
3.75751883891639 3.17815670289511
0.570600225645001 5.31605754480815
7.24986183628622 3.69083071216236
4.91013278196954 8.53457453874529
4.96761947380211 6.43341495203441
6.8876724213706 6.82034845899045
6.64244239019618 5.76837071565269
6.18780264243502 8.36435216103884
6.83795474321644 3.72852709210205
6.56427260146213 4.07671053927887
5.14912996673038 7.86456447708333
1.02129660827325 3.69860729337927
6.23965149578942 4.58523851279607
4.887742520942 4.21438414111603
4.68840898658934 4.36001426290299
2.05849523220145 4.44177339404688
4.04369988978276 5.98837666253565
5.8358831203994 4.64533903546079
2.71735910305809 -1.01191492422851
-0.205575454685991 2.68607765034082
0.775343223118738 -0.429158817093737
-0.107610081165810 -0.359113060086774
-2.75411911365721 -0.200381482427124
-0.82998912659936 1.42533261410281
-0.788579907420699 -0.147128808252653
-0.118626793422371 -0.0752683429340958
2.20005074396777 -1.36332095751131
1.52635149691509 -0.648540544492638
-0.329047192507174 0.120320880869030
-0.506723360273015 -1.17778897251933
1.39392675080948 1.06299238526514
1.11332639734731 -3.03678816357357
-1.37751138909904 0.613115721579531
-1.41499031392424 -3.07289964707517
0.72916392427366 -0.601952253673221
1.53706584903083 -1.05655980889001
-0.224692424300456 -1.30418956136200
1.76221545290843 -0.113793555694785
0.796211760734136 -3.82871885136002
-1.22405278650154 2.35316662403712
0.68223938284885 -3.32994487242401
-2.25872619216159 -0.927060802944771
2.86604740340207 -2.23184021008569
3.96079979701172 -1.50163800238690
-0.734442952933018 4.17433309125669
-2.08826925263306 0.0347912393865033
1.13943925488483 -2.57260106086865
-0.270109207761649 -3.28121106883716
-0.196764478990446 5.90037420254531
-5.07848000546634 4.96288033457072
-3.62052127509845 4.36386325091231
-4.94399568243867 3.14127570509260
-6.48654641776481 2.02507937971703
-4.62241540097131 2.84961540676864
-8.60991725778208 7.00005760742783
-2.06889027687423 3.75746661040635
-4.6934933235762 2.23114630523102
-0.654776659275695 8.73858124484716
-4.04898094220068 5.8502007547449
-6.41989286184363 4.52270579817393
-3.77854729302189 7.11696609741804
-6.8681952632885 6.77284530274987
-7.5072668004782 3.76151390353771
-4.41710752896507 9.41220492908094
-5.88658374643687 4.48994593971797
-4.99778929673675 2.15101069957438
-4.85131735169667 4.71120079609156
-6.17904189237614 5.41507667846469
-6.137337465637 9.61595679811872
-5.27035723024766 5.21160473578742
-2.64382600685359 5.91399761084683
-8.04713360085952 4.84569412928694
-3.81210762474316 4.33199831526691
-4.33409925757296 4.93054794337745
-2.87380032544727 6.57527921126032
-5.6083678472686 9.15049001730457
-4.25996238016742 7.05478487752754
-4.46580241845554 7.41581679677341
